Threads Inp Traverse Kms Total
1 2.902193 1.269418 0.000005 4.171616
2 1.655320 0.731891 0.355110 2.742321
3 1.178080 0.538196 0.385418 2.101694
4 0.913160 0.421946 0.337865 1.672971
5 0.852703 0.363506 0.322854 1.539063
6 0.727085 0.321496 0.280342 1.328923
7 0.690914 0.261634 0.278340 1.230888
8 0.597440 0.238854 0.255051 1.091345
9 0.552606 0.213267 0.242387 1.008260
10 0.521642 0.197864 0.232243 0.951749
11 0.552249 0.186505 0.289645 1.028399
12 0.544934 0.168836 0.217898 0.931668
13 0.456014 0.234280 0.209256 0.899550
14 0.444455 0.152282 0.198010 0.794747
15 0.430502 0.144102 0.201827 0.776431
16 0.417900 0.134187 0.185798 0.737885
17 0.406147 0.133794 0.199815 0.739756
18 0.401473 0.142022 0.185195 0.728690
19 0.393944 0.125212 0.188216 0.707372
20 0.390969 0.117251 0.184072 0.692292
21 0.383134 0.142492 0.172321 0.697947
22 0.370921 0.133380 0.178154 0.682455
23 0.373639 0.113202 0.174760 0.661601
24 0.360613 0.110407 0.174566 0.645586
1 2.889653 1.279320 0.000006 4.168979
2 1.671989 0.768325 0.388379 2.828693
3 1.141213 0.626059 0.432202 2.199474
4 0.923721 0.611582 0.433949 1.969252
5 0.824924 0.758004 0.392109 1.975037
6 0.799190 0.368916 0.330564 1.498670
7 0.689108 0.335342 0.362577 1.387027
8 0.643822 0.243568 0.320897 1.208287
9 0.595325 0.681614 0.310196 1.587135
10 0.608272 0.999945 0.522535 2.130752
11 0.621267 0.254398 1.928636 2.804301
12 0.533338 0.504231 0.291376 1.328945
13 0.538895 0.395301 0.289358 1.223554
14 0.458330 0.557159 0.283252 1.298741
15 0.499707 2.022608 0.328247 2.850562
16 0.450983 0.429083 0.320511 1.200577
17 0.491080 0.324592 0.290575 1.106247
18 0.453709 0.410542 0.277300 1.141551
19 0.426029 0.140438 0.279741 0.846208
20 0.464557 0.731134 0.274062 1.469753
21 0.449427 0.134310 0.259447 0.843184
22 0.483361 0.130027 0.255660 0.869048
23 0.572575 0.130893 0.242700 0.946168
24 0.422841 0.132556 0.233649 0.789046
1 2.861897 1.275472 0.000006 4.137377
2 1.599282 0.762442 0.379137 2.740878
3 1.147217 0.541951 0.383213 2.072421
4 0.909998 0.420861 0.377462 1.708346
5 0.792147 0.353177 0.333483 1.478852
6 0.821445 0.297733 0.306514 1.425739
7 0.644698 0.259053 0.473010 1.376797
8 0.604294 0.232968 0.291493 1.128799
9 0.568785 0.335423 0.306466 1.210735
10 0.550545 0.188835 0.263493 1.002928
11 0.525171 0.174104 0.255074 0.954405
12 0.502875 0.195504 0.270575 0.969018
13 0.480289 0.152067 0.981698 1.614120
14 0.467664 0.144186 0.234839 0.846768
15 0.463779 0.167117 0.214376 0.845361
16 0.439562 0.131118 0.236911 0.807667
17 0.457659 0.127717 0.229127 0.814617
18 0.438119 0.126734 0.229584 0.794547
19 0.440773 0.130620 0.258722 0.830216
20 0.421887 0.118744 0.225287 0.766032
21 0.415138 0.117825 0.228718 0.761786
22 0.383888 0.116554 0.268374 0.768935
23 0.386585 0.114417 0.227571 0.728686
24 0.375445 0.110445 0.221148 0.707146
1 2.777277 1.299842 0.000007 4.077128
2 1.587653 0.768262 0.362490 2.718432
3 1.119288 0.558471 0.388679 2.066461
4 0.907326 0.456916 0.462608 1.826878
5 0.781417 0.378828 0.370102 1.530388
6 0.810917 0.323103 0.275775 1.409854
7 0.651019 0.322561 0.347174 1.320794
8 0.599804 0.243530 0.333722 1.177120
9 0.563649 0.263527 0.307021 1.134266
10 0.540146 0.239924 0.311777 1.091921
11 0.520409 0.195151 0.325193 1.040810
12 0.490695 0.214022 0.314722 1.019502
13 0.472654 0.175806 0.263008 0.911538
14 0.471492 0.174028 0.272281 0.917897
15 0.440011 0.163608 0.249639 0.853336
16 0.435320 0.157609 0.315660 0.908670
17 0.455954 0.164412 0.217995 0.838477
18 0.416091 0.668119 0.229577 1.313883
19 0.454740 1.198652 0.217906 1.871392
20 0.406643 0.138930 0.229204 0.774896
21 0.503230 1.441404 1.168049 3.112820
22 0.386833 0.173172 0.230042 0.790156
23 0.377730 0.133319 0.220950 0.732105
24 0.398822 0.131284 0.223901 0.754117
